000010010011011001110111
000100100110110011101110
000110110101101010011001
001000111100101011101010
001001011101111011001000
001001101101010011011001
001010011111011010001100
001101001011100000110111
001101111011001000100110
001110111001101001100010
010000001001101111101101
010000111001000111111100
010001011000010111011110
010010011010110110011010
010010101010011110001011
010011001011001110101001
010100011111110100010010
010100101111011100000011
010101111110100100110000
010110001100101101100101
010110111100000101110100
011001100100111100110100
011010010110110101100001
011010100110011101110000
011011000111001101010010
011101000010001111011010
011110000000101110011110
011110110000000110001111
